,Win,Champion_0,Champion_1,Champion_2,Champion_3,Champion_4,Champion_5,Champion_6,Champion_7,Champion_8,Champion_9
0,True,54,121,99,50,22,36,120,7,81,888
1,False,777,107,55,81,103,122,234,38,145,40
2,False,85,20,91,22,117,31,107,34,110,412
3,False,92,64,84,145,497,166,28,18,523,40
4,True,2,234,8,236,161,266,141,38,360,111
5,True,897,9,134,145,12,104,56,61,498,497
6,True,68,234,126,30,12,39,78,61,145,526
7,False,266,421,103,18,497,14,59,711,22,111
8,True,126,131,950,145,40,200,234,84,498,497
9,True,2,77,134,110,22,266,35,166,222,888
10,True,98,104,4,119,53,82,11,103,498,43
11,False,897,120,134,119,53,121,31,142,81,201
12,False,86,28,80,145,53,266,427,8,498,497
13,False,164,28,238,145,43,82,9,105,157,432
14,True,78,59,246,145,147,80,163,18,119,526
15,True,897,427,18,523,412,113,234,103,119,53
16,False,58,120,134,203,37,2,427,103,110,99
17,False,2,203,497,145,101,76,48,4,22,16
18,True,48,121,103,145,147,98,78,101,498,16
19,False,516,68,246,498,43,126,203,127,81,143
20,False,875,200,45,96,117,420,234,127,523,412
21,False,897,254,145,115,89,266,59,245,29,117
22,False,163,234,41,360,50,86,62,7,498,497
23,True,516,64,127,119,22,68,28,80,81,555
24,True,98,203,134,157,518,78,234,90,30,22
25,True,114,245,80,498,432,141,121,517,30,81
26,False,122,5,4,22,111,127,64,7,360,412
27,True,86,421,103,110,37,98,131,39,29,74
28,True,86,200,31,22,16,48,91,142,145,50
29,False,897,203,38,110,16,234,59,34,429,555
30,True,98,120,268,145,143,887,79,39,22,40
31,True,516,79,134,236,16,36,234,7,145,526
32,False,2,202,777,120,26,122,427,897,81,111
33,True,8,200,268,18,526,24,64,134,145,79
34,False,67,120,127,81,555,6,28,103,119,201
35,True,777,113,161,22,427,421,79,81,523,902
36,False,69,234,112,145,111,126,427,711,113,235
37,False,516,254,112,429,412,10,876,126,145,526
38,True,17,56,127,498,497,266,79,131,145,44
39,True,266,121,68,498,497,13,57,18,523,412
40,False,27,91,69,498,43,114,121,38,51,99
41,False,887,57,238,498,555,14,517,1,29,53
42,False,14,59,101,81,16,897,64,55,498,497
43,False,266,62,134,81,497,39,141,517,360,526
44,False,69,203,84,145,117,57,104,517,523,412
45,False,266,78,42,115,497,68,64,101,523,111
46,False,887,91,777,498,40,58,44,55,360,111
47,False,2,141,236,61,267,516,234,103,81,40
48,True,68,72,145,523,111,58,76,238,498,497
49,False,114,200,134,81,44,157,421,61,360,111
50,True,92,163,105,145,40,113,19,61,157,902
51,True,266,121,134,22,412,82,64,245,202,53
52,True,114,427,127,157,26,14,246,711,145,432
53,True,48,154,7,145,111,33,121,711,96,117
54,True,266,64,777,18,43,54,121,34,157,555
55,True,246,76,163,15,79,141,54,1,360,53
56,True,78,427,517,498,40,85,141,126,360,526
57,True,122,56,18,222,40,516,421,7,498,117
58,False,82,62,85,145,12,14,121,3,360,526
59,False,51,113,45,523,412,266,121,1,202,235
60,False,106,107,45,360,111,92,104,777,895,12
61,False,69,203,23,145,32,133,76,18,30,235
62,False,58,107,142,119,412,43,30,91,145,89
63,False,14,131,238,202,35,92,20,7,145,526
64,True,113,200,517,498,40,119,245,91,22,111
65,True,516,121,145,202,101,164,64,61,498,40
66,True,31,876,91,145,555,875,121,84,51,143
67,False,114,28,55,29,412,950,121,103,81,99
68,True,27,62,126,145,43,10,245,875,523,526
69,False,68,59,134,22,902,24,64,142,81,432
70,False,5,14,127,523,497,58,11,238,145,111
71,True,79,98,45,51,1,41,64,134,221,117
72,True,92,421,45,119,53,268,35,13,498,111
73,True,150,76,112,67,26,83,141,268,81,526
74,False,58,64,134,523,412,150,121,518,29,432
75,False,69,11,112,145,117,41,234,55,31,89
76,True,777,121,34,523,235,86,64,711,22,902
77,False,86,104,7,145,111,157,59,112,498,526
78,False,8,234,13,523,555,68,62,127,145,53
79,False,777,57,112,145,25,79,9,104,360,43
80,False,164,246,55,145,526,80,234,897,81,40
81,False,85,203,157,895,16,238,11,246,119,99
82,True,86,876,7,22,432,150,9,103,202,40
83,False,897,234,166,147,37,24,421,105,145,555
84,False,266,104,163,96,142,86,421,103,145,154
85,False,114,11,103,29,267,516,64,7,22,117
86,False,106,30,18,429,12,516,56,61,498,497
87,False,79,111,54,145,234,516,76,238,115,497
88,False,887,28,238,360,111,777,154,3,119,40
89,True,164,76,517,221,888,78,107,90,67,526
90,False,240,64,7,145,111,897,68,246,498,497
91,False,114,76,111,498,497,39,64,10,145,53
92,False,897,64,134,145,526,234,14,103,523,111
93,False,875,91,105,221,412,114,104,145,67,25
94,False,266,59,101,360,111,39,131,18,498,40
95,False,57,11,61,360,412,420,245,101,22,40
96,True,164,200,245,145,12,92,121,238,498,497
97,False,58,517,18,145,40,19,91,7,523,555
98,True,98,2,163,202,147,24,102,103,18,111
99,False,164,131,55,29,37,223,120,31,222,111
100,False,875,203,99,22,53,24,121,145,81,9
101,False,107,59,101,29,117,875,76,268,360,497
102,False,54,107,101,22,111,58,11,126,145,44
103,False,92,154,7,222,12,2,35,18,22,43
104,False,777,120,23,119,40,79,234,711,22,37
105,True,897,79,777,115,555,150,234,268,22,412
106,False,141,32,103,523,201,54,120,517,145,37
107,True,875,30,18,222,412,36,61,60,498,53
108,False,92,141,61,895,201,133,121,518,360,526
109,True,126,234,145,360,111,80,104,7,498,497
110,True,133,76,13,21,53,266,427,103,119,25
111,True,86,104,103,145,117,133,9,126,15,432
112,False,79,11,166,134,111,126,102,80,221,16
113,True,68,91,897,202,902,516,267,39,236,9
114,True,102,56,115,145,412,2,421,31,67,12
115,False,67,131,54,22,201,517,163,238,145,497
116,True,114,57,39,145,40,78,154,18,81,16
117,True,420,91,85,119,57,90,517,238,145,350
118,True,79,32,39,157,16,58,427,245,523,902
119,False,126,120,105,96,902,17,76,777,157,497
120,False,58,11,4,523,12,887,79,777,145,526
121,False,420,76,950,145,235,266,11,68,147,43
122,False,69,57,266,145,44,38,121,31,22,526
123,True,266,121,518,45,143,41,68,103,498,111
124,True,85,106,43,91,555,266,76,875,147,37
125,True,517,104,126,360,79,54,254,69,67,40
126,True,122,60,91,236,43,58,77,103,119,267
127,False,82,20,80,81,16,41,121,163,18,111
128,False,777,141,84,81,43,268,64,157,30,235
129,False,516,517,18,145,555,133,76,711,119,111
130,True,41,77,246,30,111,69,234,31,145,497
131,True,14,30,103,145,44,238,79,157,119,89
132,False,266,104,711,147,497,777,76,126,235,526
133,True,9,121,91,145,412,54,68,18,22,40
134,True,106,104,245,22,201,103,254,420,145,111
135,False,122,427,61,360,526,136,113,91,119,412
136,False,7,526,126,523,12,516,876,18,81,497
137,False,122,203,103,222,526,126,62,101,22,201
138,False,114,104,58,145,111,122,78,55,67,44
139,False,92,20,246,145,497,86,59,67,29,117
140,False,31,64,4,202,22,2,427,246,81,143
141,True,164,113,157,222,117,122,876,950,29,412
142,False,266,154,101,145,412,777,234,127,429,235
143,False,19,68,126,145,12,58,9,112,81,555
144,False,516,121,105,119,29,114,518,90,21,143
145,False,80,107,43,21,74,166,59,103,145,111
146,True,133,68,38,15,526,126,79,13,29,40
147,True,31,59,45,110,497,200,421,161,145,412
148,False,58,11,517,81,412,24,120,103,360,526
149,True,150,121,112,498,43,69,64,39,96,888
150,True,106,76,112,22,111,266,77,147,119,44
151,True,24,120,115,81,497,2,234,34,145,37
152,False,897,104,7,145,497,122,427,18,360,111
153,True,266,64,61,22,412,91,104,69,21,111
154,True,141,76,126,22,201,54,234,101,429,111
155,True,68,57,126,498,235,39,5,103,81,526
156,True,126,77,7,21,518,777,427,99,523,89
157,True,79,9,39,21,526,516,59,3,30,497
158,False,98,107,134,157,161,48,36,105,18,350
159,False,420,141,234,145,526,92,48,7,21,103
160,False,122,203,74,222,111,114,104,13,22,53
161,True,58,5,134,21,526,10,76,157,523,412
162,False,24,76,99,236,235,126,121,101,145,53
163,True,133,203,103,30,40,166,64,55,22,37
164,True,68,104,13,523,16,777,56,7,498,497
165,False,106,876,45,119,57,777,427,18,157,63
166,True,157,64,136,429,497,875,427,1,81,526
167,True,516,76,246,145,902,68,64,163,110,89
168,False,887,121,18,145,16,777,64,523,202,518
169,False,67,30,897,21,497,2,203,61,22,89
170,False,91,121,84,22,117,58,200,134,81,35
171,False,126,141,134,145,117,516,121,268,498,497
172,False,516,154,75,21,101,2,234,134,18,111
173,True,82,79,22,119,235,887,203,38,523,111
174,False,68,131,157,145,526,79,64,246,29,57
175,False,80,20,147,96,12,98,120,84,29,555
176,True,86,107,55,145,235,122,427,10,202,111
177,True,114,421,517,30,89,54,59,69,145,497
178,False,39,35,105,81,555,84,9,238,67,497
179,False,268,80,107,360,40,54,245,126,81,111
180,True,111,141,136,119,110,14,203,7,221,412
181,True,10,78,103,145,111,84,154,238,523,412
182,False,24,64,246,115,497,98,141,79,145,526
183,False,114,121,112,147,412,223,421,145,81,555
184,True,54,9,518,81,555,517,64,18,145,267
185,True,54,30,145,236,526,516,28,238,498,40
186,False,85,421,13,67,497,75,141,7,498,35
187,True,85,421,268,18,555,80,91,517,30,40
188,False,164,11,134,22,412,114,107,84,236,267
189,True,54,121,157,202,235,145,64,777,31,57
190,True,2,121,38,81,99,266,203,142,22,235
191,False,54,121,145,30,9,266,57,517,523,526
192,True,420,64,157,147,497,114,121,79,29,40
193,False,516,107,134,81,43,887,60,18,498,497
194,False,114,120,61,145,235,98,104,517,523,518
195,True,68,48,245,110,117,36,78,134,15,350
196,False,98,60,91,523,111,166,28,112,22,201
197,False,166,203,518,12,145,22,76,18,498,111
198,True,266,200,157,115,12,39,203,18,145,26
199,True,43,203,38,523,902,86,64,166,202,526
200,True,54,203,134,81,37,164,68,101,96,902
201,False,164,421,105,30,497,14,203,90,145,902
202,False,58,102,268,18,432,150,113,31,145,497
203,True,78,104,127,523,57,21,80,7,122,497
204,False,126,30,86,15,37,39,121,103,145,412
205,True,54,154,517,22,117,14,121,1,498,50
206,True,78,59,127,145,497,57,245,238,22,235
207,False,58,30,27,202,43,164,427,777,145,111
208,False,68,200,105,81,40,41,421,166,115,526
209,True,86,76,134,429,111,240,121,517,498,53
210,False,141,72,145,4,526,516,200,134,498,53
211,False,23,234,161,81,53,14,141,950,30,25
212,False,126,76,517,119,555,23,107,161,30,267
213,True,9,59,80,21,526,58,104,246,145,111
214,True,80,30,126,15,40,92,111,103,360,89
215,True,54,131,246,497,523,85,11,157,222,40
216,False,24,35,103,22,89,85,11,26,145,497
217,True,114,11,101,145,12,126,62,50,81,40
218,True,875,79,246,523,40,68,121,103,222,16
219,True,9,121,166,498,555,68,104,246,30,235
220,True,92,131,84,18,89,266,59,268,81,200
221,False,2,62,85,22,74,41,876,142,895,526
222,True,110,78,238,45,53,141,421,105,145,497
223,True,150,104,39,22,412,59,234,134,51,25
224,True,266,876,142,523,89,114,950,10,21,111
225,True,58,76,245,22,201,200,84,13,157,235
226,False,875,427,101,145,157,19,120,238,221,902
227,False,58,79,157,18,235,54,234,127,29,888
228,True,68,91,112,22,497,23,111,268,81,412
229,True,897,60,38,110,526,82,234,103,81,53
230,False,92,421,55,51,518,10,30,84,81,40
231,False,246,200,145,22,16,54,72,517,18,412
232,False,58,121,136,81,43,24,421,145,67,497
233,False,113,245,55,145,12,54,104,142,523,25
234,True,150,120,157,145,40,98,121,1,81,43
235,False,58,113,245,21,43,24,876,161,81,432
236,False,14,11,134,202,526,86,121,112,145,497
237,True,48,30,84,145,412,75,141,112,523,497
238,True,58,76,517,222,40,83,234,711,51,412
239,True,897,121,122,110,40,1,234,21,29,53
240,True,24,245,238,145,37,266,56,101,22,412
241,True,897,245,45,29,40,240,234,4,81,267
242,False,24,57,134,145,412,98,104,26,81,235
243,True,122,234,20,498,53,516,200,166,145,89
244,False,68,91,145,22,53,23,427,4,18,235
245,False,48,120,142,119,497,98,59,103,145,25
246,False,516,121,163,22,902,164,200,81,134,43
247,False,122,2,45,30,40,24,59,69,119,117
248,False,266,28,103,145,526,68,77,238,523,143
249,True,90,59,157,145,412,58,76,134,222,497
250,False,78,35,55,22,20,58,76,103,18,117
251,False,86,106,7,51,40,68,121,711,81,412
252,False,110,77,875,81,555,897,121,103,115,497
253,True,516,121,112,145,40,122,234,115,67,902
254,True,58,234,134,29,12,150,121,103,498,497
255,True,16,121,517,22,902,68,110,105,104,145
256,True,164,421,4,498,432,24,30,246,81,235
257,False,14,59,166,145,497,164,28,517,498,16
258,True,80,107,101,145,154,98,91,238,30,555
259,True,79,107,240,360,888,48,76,84,498,497
260,False,58,163,105,360,497,31,876,91,523,40
261,True,166,141,112,21,142,54,64,145,202,74
262,False,266,30,777,81,40,2,120,10,222,117
263,True,98,60,360,81,526,41,35,61,145,53
264,False,79,104,7,119,32,150,59,55,69,497
265,False,78,91,101,145,235,68,76,58,498,497
266,False,79,104,134,145,412,897,59,127,360,53
267,True,80,234,112,145,526,266,876,18,429,497
268,False,80,113,8,18,555,19,421,7,81,497
269,False,777,104,7,498,432,58,76,234,81,16
270,False,98,26,55,895,60,85,104,18,147,111
271,False,875,950,103,22,117,98,121,61,523,902
272,False,54,91,145,30,101,82,203,134,119,40
273,True,98,104,7,147,89,268,120,38,110,60
274,False,58,57,145,21,526,266,104,34,22,555
275,False,126,64,61,145,53,516,421,134,498,497
276,True,126,107,84,22,37,122,154,950,360,555
277,True,266,56,101,523,526,39,79,126,22,201
278,True,266,203,61,145,154,164,120,69,22,555
279,True,24,427,91,81,143,126,421,8,498,497
280,True,421,30,38,222,26,24,203,246,145,16
281,False,266,254,142,110,43,58,245,7,523,412
282,True,58,246,127,145,111,266,11,101,429,412
283,True,122,79,50,523,16,41,421,950,30,235
284,False,58,141,134,81,111,41,234,518,523,16
285,False,122,121,23,134,412,58,64,101,147,555
286,False,86,421,518,96,497,82,121,221,81,43
287,False,24,107,103,145,412,62,203,134,498,111
288,True,897,104,103,81,53,48,106,90,15,147
289,False,39,79,103,145,200,2,950,84,523,432
290,False,79,62,80,222,902,238,107,103,498,37
291,True,266,28,950,21,101,92,120,142,222,201
292,False,54,121,246,115,526,517,131,166,222,79
293,False,112,120,7,81,267,85,80,84,110,526
294,True,92,113,103,21,111,54,48,84,222,902
295,True,166,203,84,202,518,57,64,134,22,16
296,True,54,9,238,202,888,517,200,29,498,902
297,True,164,91,103,15,432,39,76,950,145,40
298,True,10,154,81,523,888,6,427,145,34,110
299,False,266,79,238,221,43,23,11,8,360,497
300,False,150,131,7,51,143,68,107,161,119,53
301,True,58,421,55,523,497,54,121,163,145,902
302,False,58,79,166,22,497,240,203,99,523,43
303,True,133,526,711,145,497,10,121,246,498,53
304,False,64,157,27,360,12,83,9,10,498,145
305,True,54,28,126,81,497,84,121,80,21,526
306,False,10,163,39,21,497,27,91,90,51,117
307,False,98,104,777,145,143,92,555,84,110,19
308,False,164,91,8,15,43,85,64,777,30,32
309,True,58,245,777,74,235,24,59,517,145,43
310,False,240,131,555,119,40,92,121,517,81,497
311,False,516,104,126,147,63,887,57,55,498,497
312,True,86,200,245,222,111,41,203,268,145,267
313,True,777,121,7,22,12,68,56,61,523,43
314,True,777,121,103,523,902,24,141,268,134,43
315,False,67,427,517,145,235,164,121,69,429,16
316,False,82,950,145,81,526,875,38,69,51,201
317,True,2,35,8,22,40,67,77,127,202,161
318,False,420,120,112,81,526,887,421,3,157,223
319,True,43,76,136,81,555,68,200,4,523,902
320,True,39,234,115,69,89,122,68,18,429,111
321,True,68,141,246,29,902,950,76,126,81,235
322,True,266,234,127,81,53,122,421,103,22,235
323,False,39,526,163,22,43,102,91,142,202,101
324,False,58,121,30,15,111,54,102,38,81,526
325,False,122,91,7,110,412,516,234,145,238,111
326,True,69,104,246,30,111,24,60,122,81,43
327,True,2,33,112,145,412,92,59,45,523,53
328,True,82,427,238,81,37,122,35,55,119,555
329,False,86,245,127,360,89,114,60,105,523,78
330,False,57,104,61,157,40,58,76,126,119,111
331,True,120,141,157,22,30,85,126,517,360,80
332,False,34,120,99,81,235,24,28,246,360,555
333,True,86,200,777,145,201,122,91,38,110,111
334,False,2,876,246,110,40,114,113,10,498,235
335,False,266,421,161,81,497,240,57,42,498,40
336,True,75,254,81,145,412,110,113,245,119,497
337,False,78,421,39,81,101,77,107,147,22,555
338,True,106,121,61,360,526,54,203,268,21,40
339,False,122,9,166,81,111,164,20,91,22,412
340,True,64,79,91,30,111,68,113,18,145,432
341,True,79,91,103,145,40,2,64,166,147,16
342,True,92,141,7,81,37,122,64,105,30,74
343,True,14,121,517,145,497,68,200,18,498,143
344,False,150,131,157,145,53,516,234,1,18,32
345,True,14,57,134,22,117,266,35,950,145,53
346,False,28,54,246,115,412,142,234,166,134,235
347,False,18,104,79,15,201,31,64,711,145,111
348,False,85,234,38,429,53,75,121,7,163,497
349,False,86,9,238,51,497,79,56,13,67,37
350,False,54,234,134,523,50,166,517,154,145,37
351,False,68,121,427,81,111,39,76,127,498,497
352,False,114,104,134,81,40,126,5,517,222,44
353,False,24,79,103,523,412,86,59,105,498,497
354,True,114,876,91,221,12,24,60,246,360,143
355,True,36,77,711,22,526,69,141,131,145,888
356,False,24,5,43,497,147,518,91,103,221,350
357,True,777,876,91,523,40,24,154,246,136,117
358,True,68,78,157,498,34,92,28,18,81,497
359,False,266,64,84,360,12,39,60,246,18,888
360,True,2,64,518,145,111,43,126,85,22,107
361,False,54,107,61,96,902,68,59,245,22,526
362,False,58,60,238,360,44,114,104,13,110,117
363,False,133,68,240,236,526,126,161,134,21,35
364,True,24,121,268,145,497,150,19,50,498,89
365,True,92,76,3,360,111,30,19,55,221,40
366,False,85,245,91,22,201,238,154,61,145,26
367,False,246,421,126,22,53,54,245,157,222,350
368,False,266,131,711,202,12,68,234,126,81,40
369,False,54,62,134,236,267,240,107,39,74,143
370,False,58,57,246,145,32,266,104,84,360,89
371,False,126,104,103,119,40,58,76,897,360,111
372,True,2,76,18,157,105,24,30,58,22,201
373,False,150,76,127,119,111,126,28,950,30,555
374,True,122,35,38,145,497,85,121,16,51,99
375,True,897,76,238,145,16,41,234,134,498,235
376,False,164,30,238,145,44,68,234,163,119,43
377,True,92,246,517,81,26,86,28,777,51,25
378,True,202,77,90,498,26,114,104,134,145,412
379,True,58,76,126,22,53,78,517,777,221,16
380,False,48,234,101,22,111,887,141,112,523,147
381,True,10,48,90,145,526,150,876,8,67,412
382,False,164,79,238,157,53,58,106,126,96,902
383,True,39,104,103,18,40,68,234,91,222,117
384,False,126,154,21,161,26,517,76,238,202,143
385,False,266,104,7,895,89,114,526,142,119,555
386,False,429,5,238,51,101,126,203,105,895,37
387,False,54,59,777,236,902,14,11,157,81,22
388,True,24,64,136,29,32,58,107,134,22,16
389,True,114,427,50,110,53,897,77,61,222,412
390,False,79,203,711,221,350,897,234,127,236,902
391,False,58,234,67,157,518,150,120,64,145,497
392,True,266,234,7,69,235,897,59,101,22,43
393,False,58,497,134,18,78,150,526,39,222,902
394,False,54,62,517,29,117,887,141,246,81,350
395,True,24,141,246,30,40,897,9,61,22,497
396,True,166,245,39,202,111,240,121,145,84,43
397,False,246,76,777,110,16,41,28,126,498,432
398,False,516,28,80,67,111,420,121,85,29,497
399,False,24,950,711,202,53,6,9,39,22,111
400,True,104,141,163,145,555,35,427,101,360,497
401,False,223,28,238,147,235,516,104,134,110,497
402,False,876,238,134,21,19,166,56,13,498,350
403,False,126,59,112,29,147,266,104,131,498,12
404,False,122,131,23,119,40,164,427,161,15,497
405,False,57,79,157,202,161,429,203,18,84,555
406,True,122,64,8,22,117,14,154,157,119,111
407,False,68,91,131,498,902,126,9,7,67,555
408,True,48,64,1,523,16,122,121,127,157,497
409,True,31,141,7,145,14,82,5,99,67,35
410,True,92,30,99,498,201,114,64,157,145,111
411,True,54,20,134,145,99,517,427,126,523,235
412,False,777,113,34,81,40,58,56,142,145,101
413,True,516,30,246,523,350,122,64,7,18,143
414,True,86,154,7,21,555,1,121,69,29,497
415,True,516,203,55,145,117,887,427,134,18,902
416,False,54,421,163,21,37,14,56,142,22,902
417,False,91,203,8,29,40,126,200,518,81,43
418,False,14,421,68,147,235,887,427,126,81,526
419,False,8,200,266,145,526,122,30,238,498,111
420,True,122,32,61,221,267,266,234,517,22,44
421,False,432,427,18,360,111,122,107,127,81,53
422,False,777,75,246,202,101,14,421,99,145,117
423,False,48,80,76,145,432,39,154,897,523,40
424,True,54,91,126,30,526,517,427,157,145,412
425,False,58,91,61,119,902,897,76,39,145,526
426,True,164,82,84,15,37,91,30,238,360,111
427,False,126,203,134,222,201,80,57,84,523,29
428,True,17,121,74,119,111,14,59,103,22,99
429,False,164,79,238,29,16,166,59,147,221,412
430,False,266,104,42,67,35,166,64,131,498,497
431,False,150,421,69,221,497,24,76,127,498,555
432,False,102,121,69,145,518,80,203,38,119,111
433,False,75,5,950,360,44,6,28,103,81,412
434,False,58,57,8,145,497,266,9,126,498,12
435,True,516,64,101,145,53,234,76,134,498,497
436,True,897,2,101,81,26,777,154,38,222,117
437,True,68,121,517,145,89,246,76,78,115,53
438,False,126,76,127,81,497,54,28,950,498,154
439,False,420,120,1,30,235,86,421,103,429,412
440,False,516,203,13,202,26,92,234,7,498,497
441,False,86,234,8,498,497,777,254,163,133,43
442,False,54,102,157,30,235,106,91,18,498,111
443,True,58,113,246,145,80,133,59,245,29,117
444,True,58,427,268,81,40,92,234,61,523,44
445,False,98,141,68,145,201,78,77,91,81,26
446,False,238,131,246,81,235,777,79,127,145,53
447,True,86,9,238,81,412,31,120,115,222,432
448,True,2,234,61,222,555,887,48,27,67,12
449,True,69,81,10,497,120,150,48,134,360,105
450,False,777,64,711,523,350,58,203,7,22,497
451,False,126,104,163,498,526,68,203,4,67,12
452,True,266,120,90,147,101,33,950,134,81,40
453,False,266,245,238,222,111,85,200,55,29,35
454,True,58,64,268,110,111,68,91,7,498,40
455,False,24,60,7,119,201,85,64,134,360,111
456,True,238,427,245,145,26,516,120,134,30,22
457,False,41,421,112,145,497,777,234,103,81,40
458,False,10,104,91,498,497,62,234,55,81,37
459,False,79,77,157,29,40,20,131,91,523,117
460,False,24,234,245,145,111,68,141,23,81,432
461,False,58,79,134,29,902,78,104,101,81,16
462,False,75,28,161,15,12,83,113,55,81,497
463,True,50,91,84,498,497,58,11,101,895,16
464,True,2,107,238,30,40,420,59,69,22,117
465,True,80,59,147,202,101,166,57,517,145,555
466,False,516,20,238,145,142,897,203,84,81,412
467,False,150,203,112,498,432,6,107,427,81,888
468,False,240,421,157,22,235,126,76,7,145,16
469,False,266,120,7,523,412,39,427,517,145,526
470,False,14,30,127,523,40,360,11,112,145,432
471,False,58,5,518,145,497,114,427,134,429,432
472,False,48,19,38,67,497,200,133,8,429,111
473,False,897,60,18,51,43,98,154,238,221,350
474,True,164,76,711,29,40,897,64,103,81,412
475,True,126,113,163,145,412,266,427,81,67,201
476,False,75,28,13,498,117,114,121,55,360,526
477,True,240,107,711,15,201,27,421,18,157,111
478,False,887,64,157,145,101,897,200,777,22,902
479,False,27,106,18,145,111,14,79,134,429,526
480,False,101,421,4,202,16,164,28,268,22,43
481,True,10,421,80,134,111,86,91,127,119,201
482,True,17,33,246,119,555,19,526,112,22,201
483,True,67,120,7,360,50,14,64,13,81,26
484,True,113,234,777,74,16,39,131,266,145,497
485,True,516,30,16,498,497,887,59,50,81,111
486,True,777,120,26,498,526,516,427,268,22,902
487,False,17,104,1,110,50,516,203,7,22,412
488,True,33,154,7,29,111,24,84,30,145,40
489,False,41,245,8,22,201,2,120,157,145,89
490,False,92,121,517,145,25,54,141,69,29,201
491,True,516,427,166,360,111,58,104,69,30,12
492,True,777,60,58,30,40,86,76,91,498,350
493,False,39,203,268,498,497,24,60,145,67,235
494,False,114,60,238,145,111,6,113,268,523,412
495,False,58,104,105,147,40,24,5,8,18,111
496,True,2,64,240,29,143,48,35,517,145,101
497,False,19,76,238,145,526,104,234,517,119,497
498,False,420,64,246,96,497,78,59,55,110,235
499,False,82,107,99,119,26,24,77,55,51,111
500,True,516,79,238,360,111,43,234,91,81,555
501,False,48,254,134,145,37,79,121,238,51,412
502,False,41,121,897,145,101,164,28,134,119,40
503,True,58,56,105,18,267,68,35,238,67,25
504,False,14,427,13,110,497,114,421,91,145,412
505,False,80,518,81,498,53,14,30,126,29,111
506,True,126,77,3,29,902,82,421,42,119,526
507,True,126,121,103,523,902,68,120,31,236,267
508,True,56,421,27,145,555,266,30,238,51,902
509,False,777,107,91,222,53,164,421,61,119,40
510,False,113,104,145,81,53,54,203,34,236,40
511,False,39,64,105,145,111,78,20,50,81,43
512,False,55,203,164,498,12,114,421,105,119,111
513,True,54,107,517,81,412,69,104,238,22,432
514,True,92,120,238,29,40,126,517,27,67,555
515,False,39,121,4,145,267,24,104,55,30,53
516,False,157,427,39,145,57,777,120,246,22,111
517,False,84,121,127,81,497,102,113,238,115,40
518,True,223,76,18,222,902,122,9,246,51,43
519,False,133,131,157,21,350,79,59,80,221,235
520,False,98,106,23,498,12,150,876,163,145,412
521,False,78,141,134,157,235,114,28,777,875,902
522,True,777,111,34,29,902,122,62,10,145,497
523,False,48,234,90,67,117,19,950,91,145,432
524,False,58,421,7,22,43,1,76,18,110,526
525,False,39,102,10,145,412,54,121,142,22,902
526,False,58,64,84,498,497,777,28,69,202,555
527,False,98,203,246,30,412,114,421,268,67,497
528,True,166,876,14,145,143,82,57,80,22,44
529,False,58,35,105,51,99,122,11,26,145,43
530,False,266,421,90,360,40,58,59,105,523,412
531,True,29,56,103,221,902,2,121,99,202,40
532,False,150,104,10,360,111,24,60,58,498,201
533,False,41,57,238,110,412,126,64,105,145,44
534,False,240,59,96,202,497,48,526,246,81,143
535,False,5,254,38,360,111,14,421,517,221,267
536,False,777,104,103,115,555,58,113,84,29,497
537,False,85,120,80,236,44,39,113,777,157,235
538,False,516,120,7,21,111,133,68,10,429,518
539,False,39,76,80,81,526,91,102,134,18,12
540,False,10,203,13,523,526,58,131,157,81,201
541,True,58,56,43,119,555,164,121,142,22,37
542,False,126,56,30,22,412,68,121,101,202,25
543,False,133,25,163,18,526,166,234,246,145,63
544,False,114,121,245,145,497,78,421,84,523,12
545,True,22,126,59,30,164,114,203,7,115,25
546,True,266,203,84,16,902,166,28,711,360,53
547,True,78,131,157,360,12,24,421,8,498,555
548,False,17,120,902,498,238,92,254,127,21,555
549,False,875,421,31,202,9,266,64,103,18,497
550,True,54,163,41,360,350,68,234,69,22,267
551,True,223,107,69,119,555,126,200,517,81,117
552,False,58,20,126,115,526,122,76,91,498,497
553,True,2,11,69,523,412,33,234,134,18,111
554,True,27,5,18,145,111,113,59,61,96,25
555,True,92,121,38,67,902,58,200,498,112,117
556,True,420,59,7,22,40,41,141,103,202,43
557,False,164,35,127,22,201,58,120,103,96,117
558,False,420,200,58,81,40,887,20,157,134,526
559,False,2,950,61,22,902,86,421,101,30,555
560,False,266,19,517,498,16,24,876,80,429,12
561,True,106,427,134,67,16,30,2,246,202,412
562,True,67,106,268,22,201,24,77,777,110,267
563,False,68,64,38,523,902,98,200,777,96,117
564,False,68,526,246,523,117,516,113,134,498,497
565,True,27,120,101,523,201,80,82,126,429,16
566,False,24,121,245,110,1,98,30,238,81,37
567,False,24,102,29,523,412,104,245,112,145,22
568,True,104,91,38,145,16,24,113,7,18,40
569,False,14,113,268,145,267,82,876,55,30,412
570,False,98,245,238,145,902,58,76,103,18,111
571,False,8,104,875,145,79,10,234,101,523,526
572,True,164,64,711,523,117,2,91,35,221,235
573,False,7,104,518,236,902,57,76,166,145,497
574,False,48,102,80,22,201,114,91,105,81,432
575,True,126,102,61,145,526,68,266,236,110,143
576,True,114,9,105,498,497,14,28,157,221,526
577,True,92,421,105,498,497,106,203,127,29,117
578,True,54,64,91,119,526,24,59,127,31,143
579,False,58,203,7,81,40,74,121,91,30,235
580,True,777,203,68,119,526,79,121,78,22,16
581,True,114,28,8,18,555,238,121,7,22,26
582,False,2,141,163,360,111,75,234,99,119,432
583,True,58,234,8,221,16,164,79,157,145,555
584,False,777,203,711,145,497,122,20,7,498,43
585,False,150,57,81,119,53,221,91,131,27,235
586,True,80,11,7,145,267,68,104,18,110,412
587,False,14,141,163,21,412,75,120,61,119,497
588,False,266,60,777,523,117,150,68,147,360,555
589,False,133,234,127,145,497,92,154,55,498,111
590,True,126,141,8,22,16,516,72,86,145,40
591,True,41,28,13,18,111,24,121,105,145,40
592,False,516,7,91,145,99,777,77,238,81,267
593,True,58,421,127,81,40,24,245,238,110,412
594,True,92,121,18,50,16,133,107,134,30,497
595,False,98,64,166,147,37,79,121,81,145,526
596,True,78,57,134,236,32,122,5,518,110,412
597,False,58,203,134,22,44,24,91,112,21,40
598,True,266,234,112,145,412,54,11,157,222,117
599,False,10,203,61,360,201,24,60,518,145,12
600,True,82,427,134,145,201,58,64,115,360,40
601,True,39,421,9,110,201,897,113,157,22,99
602,False,31,421,134,22,43,57,28,517,221,44
603,False,133,2,127,145,888,240,77,103,21,526
604,False,58,30,5,18,432,24,56,84,360,497
605,False,98,154,134,145,43,875,245,157,119,40
606,False,27,11,134,15,40,126,121,163,895,117
607,True,36,113,105,22,80,92,5,134,147,526
608,False,777,412,950,110,59,92,56,38,122,35
609,True,24,76,4,119,902,36,35,8,22,40
610,False,236,876,10,145,555,17,28,74,523,78
611,True,64,76,103,119,16,39,91,127,30,111
612,True,164,64,84,236,44,114,950,166,21,37
613,True,157,113,112,110,147,122,28,90,29,117
614,False,145,11,34,360,497,19,141,1,498,37
615,False,14,106,134,360,111,39,141,105,115,40
616,True,516,79,246,360,555,164,76,7,498,16
617,False,58,30,517,81,40,85,234,236,429,22
618,False,114,62,69,119,16,92,76,887,15,497
619,True,166,9,3,15,40,2,11,80,67,16
620,False,150,59,498,112,412,24,200,4,145,497
621,False,777,876,105,360,111,114,59,13,119,201
622,True,516,421,7,81,43,134,64,420,202,497
623,True,23,234,134,145,12,39,68,133,498,526
624,False,777,64,127,81,555,54,203,103,523,902
625,True,266,76,103,22,235,92,64,29,498,53
626,True,86,5,238,145,89,80,91,147,523,101
627,False,876,526,3,202,43,114,107,238,30,26
628,False,104,246,157,145,526,200,54,1,22,117
629,False,85,107,145,236,432,39,141,7,555,498
630,False,897,131,166,498,497,150,91,61,22,3
631,True,98,28,103,81,267,887,59,238,147,412
632,True,43,107,3,498,412,133,121,518,145,53
633,True,133,60,166,222,117,122,517,523,145,53
634,True,27,104,55,67,412,24,59,69,145,12
635,True,7,102,126,498,111,68,11,238,21,40
636,True,875,104,1,81,432,68,64,134,119,80
637,True,897,59,246,110,267,887,120,54,202,902
638,False,82,104,7,51,412,887,80,777,202,350
639,False,79,245,91,498,497,266,9,58,81,25
640,True,429,106,61,221,235,266,11,101,236,902
641,True,82,200,240,498,101,54,76,157,30,111
642,False,68,48,246,523,497,897,20,18,110,555
643,True,777,421,55,81,201,24,59,134,429,412
644,True,875,48,7,145,526,58,950,55,14,235
645,False,266,121,84,498,497,68,57,126,81,63
646,False,2,421,897,498,497,24,234,3,523,89
647,True,777,120,85,145,555,157,76,421,429,44
648,False,897,107,91,222,26,164,120,105,498,497
649,False,6,36,134,21,32,114,40,112,498,154
650,False,122,421,142,81,235,36,121,69,523,497
651,False,516,60,18,202,89,10,78,517,15,497
652,False,41,64,268,145,53,154,234,18,119,902
653,False,58,9,777,145,497,43,234,127,22,53
654,False,122,200,103,18,111,84,64,7,145,201
655,True,126,104,103,202,555,92,79,101,29,117
656,True,62,421,777,498,497,122,79,18,145,526
657,False,86,9,134,145,12,80,234,29,21,526
658,False,78,104,163,145,43,10,526,166,498,497
659,True,58,11,91,30,143,77,62,55,81,16
660,True,2,91,777,51,99,126,35,75,429,53
661,True,24,245,134,22,223,113,11,222,112,201
662,False,150,234,55,202,43,24,35,69,429,412
663,True,887,59,85,119,99,238,245,31,202,902
664,False,14,20,777,202,902,48,121,55,145,412
665,True,24,107,45,145,555,240,78,245,895,412
666,True,897,121,134,81,497,79,421,236,103,902
667,True,39,113,145,115,43,79,11,950,498,53
668,False,68,234,61,895,44,154,76,126,67,526
669,False,122,79,126,222,117,85,59,555,63,235
670,True,114,518,105,81,412,92,91,7,22,12
671,True,24,64,103,360,526,78,12,127,145,234
672,True,516,64,134,110,497,58,121,112,523,40
673,True,58,9,38,498,497,68,121,7,222,412
674,False,2,245,39,236,267,420,59,166,110,117
675,True,875,64,7,498,902,114,59,268,145,40
676,False,157,517,126,22,902,24,154,3,81,43
677,False,68,56,7,498,89,31,28,246,360,111
678,True,240,517,950,110,16,114,59,39,63,101
679,True,875,79,157,202,12,106,427,55,360,497
680,True,68,421,91,115,526,82,56,55,222,63
681,True,35,9,238,498,497,141,76,112,895,117
682,False,240,60,91,81,44,164,121,7,145,427
683,True,41,234,27,18,44,157,131,7,110,101
684,False,202,203,7,498,526,24,141,90,360,53
685,False,114,57,7,21,555,133,104,1,157,497
686,False,78,121,145,22,16,141,120,238,119,40
687,True,133,203,245,202,101,6,79,145,523,40
688,True,777,64,38,145,37,24,427,126,15,101
689,False,897,104,38,498,526,134,203,39,30,888
690,True,24,64,99,145,201,54,121,777,360,111
691,False,86,77,238,145,497,57,200,55,29,902
692,True,31,76,80,222,555,10,59,69,81,111
693,False,86,64,103,202,43,164,104,3,22,412
694,True,80,121,103,30,526,164,200,26,145,902
695,False,27,91,7,202,147,6,104,142,222,555
696,False,31,5,134,119,412,58,11,105,115,235
697,False,19,427,69,145,111,114,120,112,18,497
698,True,2,60,157,51,99,24,64,1,22,555
699,True,164,203,268,498,53,114,254,711,523,40
700,True,68,104,157,145,526,887,107,163,523,16
701,False,41,11,34,236,267,114,246,112,145,26
702,False,33,163,246,119,44,122,238,161,157,143
703,True,887,120,23,119,111,516,107,427,222,888
704,False,875,76,518,498,111,266,427,8,81,526
705,True,10,107,157,22,16,8,5,31,18,497
706,True,58,427,126,145,89,86,64,134,29,497
707,False,68,254,246,498,12,266,427,10,360,888
708,False,122,20,711,145,235,24,121,4,221,350
709,False,78,421,7,523,526,92,104,18,30,44
710,False,58,64,34,498,32,516,120,103,145,44
711,True,266,113,105,18,26,80,203,147,145,412
712,True,58,200,161,50,555,897,59,3,15,497
713,True,141,421,161,145,111,115,72,498,29,201
714,False,24,113,7,119,201,41,104,518,110,111
715,False,777,64,136,50,555,166,28,103,145,111
716,False,77,141,96,119,40,2,200,163,523,147
717,True,24,517,98,360,526,2,64,84,22,111
718,True,68,254,84,29,497,114,777,20,145,902
719,False,164,141,246,145,235,10,200,91,895,497
720,False,92,28,711,523,555,238,20,134,157,143
721,False,3,950,16,29,99,27,79,61,145,235
722,False,897,120,134,81,63,166,107,68,222,201
723,True,92,28,145,18,53,875,77,34,236,526
724,False,6,56,55,221,43,427,107,711,29,235
725,False,145,238,7,119,497,39,203,268,498,111
726,False,85,421,50,498,497,166,141,517,81,43
727,True,39,200,7,30,555,24,526,145,67,518
728,False,897,5,112,29,43,110,203,268,523,37
729,False,31,59,103,360,111,887,57,112,119,497
730,True,86,245,103,22,497,41,64,157,145,432
731,False,887,421,111,119,101,133,120,134,110,235
732,True,58,76,105,145,412,516,91,4,18,497
733,True,58,427,126,30,35,122,76,18,145,526
734,True,122,59,103,236,40,24,60,950,81,53
735,True,107,120,711,429,412,14,245,84,221,350
736,True,24,28,238,145,111,54,121,103,67,432
737,True,98,104,127,29,53,24,56,777,145,432
738,True,92,9,134,145,526,150,200,61,29,40
739,False,238,121,34,21,555,2,234,26,498,201
740,True,68,107,517,145,53,126,234,103,498,12
741,False,141,234,134,202,117,80,91,84,147,99
742,False,154,64,79,360,111,2,5,90,429,517
743,True,875,120,711,30,412,133,20,69,166,555
744,True,58,203,163,81,412,27,64,18,523,555
745,True,266,113,1,222,44,54,77,55,145,53
746,False,24,421,7,498,43,150,427,518,145,111
747,False,92,246,84,221,43,166,120,90,145,902
748,False,18,876,268,21,32,92,245,113,145,111
749,True,266,57,42,18,555,54,200,103,222,37
750,True,90,245,777,498,412,127,79,98,222,235
751,False,777,91,268,498,111,54,78,10,145,57
752,False,13,78,166,145,888,54,421,103,67,40
753,False,6,76,246,51,96,14,200,142,22,50
754,True,897,11,85,22,902,110,421,166,21,432
755,False,875,876,147,145,111,82,56,166,360,526
756,True,8,64,142,360,89,266,102,246,51,497
757,False,150,5,50,202,161,39,203,518,145,37
758,True,777,104,127,360,40,114,245,157,145,89
759,True,150,30,43,360,111,126,76,113,145,432
760,False,150,120,163,22,53,92,79,157,523,902
761,False,92,104,29,145,526,85,200,18,51,12
762,True,57,91,7,145,44,777,427,105,51,89
763,False,516,234,127,523,902,19,35,8,22,412
764,False,58,145,157,30,16,266,60,777,81,37
765,True,133,20,7,498,40,157,91,103,81,497
766,False,126,517,245,81,497,80,76,30,238,555
767,False,92,234,38,134,412,114,104,101,145,43
768,False,897,526,43,523,201,68,254,134,145,412
769,False,2,28,103,236,235,897,234,245,360,526
770,True,2,141,7,202,53,92,107,127,145,267
771,False,126,238,518,523,22,166,421,7,236,267
772,False,24,91,245,360,89,126,246,268,145,111
773,False,91,79,76,22,44,58,30,517,96,117
774,True,58,76,41,15,99,164,35,103,119,111
775,True,238,28,157,18,526,266,234,105,21,555
776,False,266,59,35,523,497,238,68,2,81,12
777,False,114,77,18,145,111,887,104,75,498,497
778,True,57,30,104,67,117,2,131,254,22,267
779,True,24,36,99,221,350,84,245,238,145,32
780,True,14,76,105,360,497,31,203,134,429,111
781,False,234,54,134,81,526,268,76,246,110,40
782,True,17,57,126,498,555,516,64,518,222,902
783,True,164,154,157,30,555,897,5,8,222,12
784,True,24,59,91,147,412,27,113,54,81,526
785,False,10,64,115,75,432,887,79,238,429,32
786,False,84,131,950,67,497,48,56,7,22,40
787,True,92,203,38,145,526,58,427,112,30,12
788,False,164,234,245,29,117,68,91,246,222,888
789,False,777,121,103,145,43,92,203,112,81,99
790,True,98,60,112,22,555,33,20,105,145,111
791,False,58,234,103,110,101,150,76,246,145,111
792,False,68,120,7,145,526,76,106,39,110,111
793,False,84,421,1,145,53,92,64,134,498,44
794,False,92,427,238,119,902,420,203,61,81,53
795,False,875,238,8,518,89,58,234,1,157,53
796,False,68,78,7,498,497,266,64,127,22,201
797,False,2,104,268,29,40,141,203,134,22,37
798,False,164,141,13,29,350,2,234,43,22,117
799,True,24,427,80,222,111,54,421,91,110,517
800,True,887,120,134,145,555,897,91,101,498,497
801,False,80,79,18,145,53,92,11,142,30,497
802,True,114,427,38,360,526,92,76,777,22,201
803,False,92,154,81,119,143,39,91,18,115,40
804,True,238,234,518,145,497,78,121,69,18,555
805,True,266,421,103,81,432,166,79,105,51,350
806,False,266,104,134,523,161,78,64,91,96,902
807,False,141,154,777,110,40,10,427,157,21,101
808,False,266,91,145,119,412,58,427,105,360,111
809,False,266,950,103,157,201,91,113,55,119,412
810,False,2,19,7,22,40,164,107,18,147,37
811,True,2,30,69,523,902,74,20,238,22,37
812,True,27,62,39,895,350,14,78,427,222,26
813,False,150,11,161,147,497,24,120,55,119,40
814,True,31,76,517,222,555,54,245,69,145,40
815,False,68,56,777,145,53,14,427,81,67,161
816,False,14,421,101,498,40,92,121,136,110,99
817,True,266,9,777,22,25,54,203,245,202,50
818,False,98,107,103,51,143,54,28,166,523,432
819,False,114,28,55,119,53,58,104,84,18,555
820,False,266,107,38,29,117,54,35,101,429,12
821,True,58,427,91,30,526,106,32,246,360,555
822,False,126,78,105,81,101,122,526,134,22,235
823,True,2,203,112,202,40,166,254,101,498,497
824,False,98,113,84,81,555,516,11,29,22,117
825,False,150,203,134,21,350,33,35,777,22,16
826,False,777,28,897,523,37,68,60,91,429,201
827,True,19,59,29,81,412,69,254,86,119,555
828,False,24,876,18,115,432,266,234,1,145,526
829,True,126,76,25,221,350,266,64,61,22,26
830,False,266,427,18,221,40,133,141,7,498,43
831,True,240,35,61,518,555,40,421,157,145,111
832,False,897,55,59,236,60,58,76,4,145,89
833,False,2,234,127,119,526,24,56,7,145,12
834,True,17,48,115,145,117,75,113,7,29,526
835,False,166,78,103,145,12,246,35,134,74,497
836,False,24,76,80,119,497,114,421,7,360,526
837,True,92,91,518,81,201,14,78,127,145,143
838,False,517,141,113,30,16,54,28,13,145,235
839,True,36,121,55,360,526,92,76,38,498,111
840,False,897,28,26,81,497,68,203,777,222,117
841,True,164,78,27,119,235,92,59,34,81,43
842,False,103,245,777,157,25,114,120,897,67,12
843,False,86,104,1,51,99,887,20,55,202,412
844,False,106,950,134,360,111,86,163,246,22,902
845,False,23,427,777,222,902,122,121,518,119,412
846,False,266,141,55,81,43,78,91,4,110,32
847,False,166,76,55,360,111,164,141,126,147,43
848,True,2,57,103,22,555,83,200,517,498,497
849,True,40,76,134,145,200,58,421,7,360,555
850,False,164,120,39,145,111,58,60,79,498,412
851,False,17,203,103,145,1,54,59,134,22,902
852,False,122,421,134,145,526,24,57,103,67,154
853,False,126,76,39,498,201,266,154,8,110,497
854,False,106,154,45,360,555,150,64,777,30,25
855,False,122,120,90,81,43,24,9,61,145,555
856,True,24,76,950,145,89,8,427,39,429,44
857,False,36,131,8,157,43,39,59,7,22,80
858,True,223,234,103,145,161,85,427,81,157,37
859,False,24,113,39,498,111,887,48,84,145,497
860,True,3,234,245,429,12,114,76,18,22,201
861,False,145,64,105,221,101,58,121,45,22,555
862,True,126,234,61,119,111,777,131,18,523,117
863,False,164,421,103,157,267,92,64,13,81,497
864,False,126,200,103,67,12,68,121,555,222,412
865,True,78,200,134,29,40,14,76,777,498,497
866,False,75,68,157,360,111,154,203,115,22,888
867,True,114,121,518,81,101,126,64,8,21,53
868,False,54,121,157,145,111,517,91,85,30,235
869,False,18,79,7,523,43,266,120,34,29,117
870,True,777,203,84,81,16,516,121,134,145,40
871,False,39,245,34,81,526,41,64,236,429,12
872,True,24,121,7,21,526,14,64,101,145,111
873,False,86,517,166,360,432,48,427,38,202,40
874,True,266,876,110,145,111,92,121,777,22,201
875,True,69,141,245,498,143,875,104,50,30,267
876,True,58,421,246,30,432,133,104,103,360,526
877,False,164,526,134,498,22,421,121,30,523,26
878,False,85,120,777,81,12,897,203,91,30,53
879,False,887,76,238,145,902,86,203,101,119,117
880,False,897,104,112,22,40,164,32,101,145,235
881,False,2,59,38,145,111,266,19,18,498,526
882,False,39,427,112,498,497,86,9,18,22,117
883,False,266,234,518,51,74,92,121,245,498,412
884,True,126,120,43,145,22,54,104,103,202,147
885,True,104,200,134,22,16,20,98,84,81,497
886,False,6,200,517,18,201,164,234,4,22,497
887,False,39,76,517,81,526,266,60,91,29,497
888,True,68,76,126,498,497,85,121,7,115,526
889,True,14,131,157,236,902,897,28,45,81,267
890,True,166,421,61,18,89,126,111,55,81,40
891,False,14,62,101,29,526,36,104,517,145,555
892,True,58,76,246,498,497,897,92,28,145,526
893,True,777,234,8,145,12,266,78,134,110,526
894,True,777,59,103,145,235,85,107,131,81,267
895,True,72,91,103,895,16,516,59,517,145,518
896,False,98,121,127,498,89,122,76,950,145,235
897,False,58,234,1,145,497,23,427,518,110,412
898,False,44,9,777,81,350,82,91,238,498,40
899,True,41,427,7,21,526,31,163,23,22,235
900,True,2,200,7,145,555,17,121,1,29,40
901,False,82,113,101,360,412,17,59,103,119,40
902,True,516,234,517,523,888,92,245,80,145,12
903,True,39,131,127,360,12,875,28,80,145,16
904,True,14,104,711,21,40,31,64,950,119,89
905,False,24,64,245,145,111,85,113,122,360,12
906,False,106,104,517,67,26,24,234,7,202,235
907,True,518,64,517,81,16,67,234,99,145,89
908,False,164,79,105,22,32,31,28,29,91,117
909,True,266,245,112,29,44,58,11,61,145,555
910,False,80,64,245,111,145,268,59,23,147,497
911,True,114,64,45,145,497,897,121,18,30,412
912,True,266,91,68,22,201,80,11,517,145,74
913,True,92,2,246,498,78,31,59,555,45,43
914,False,39,5,246,145,101,875,104,61,81,350
915,False,875,64,8,22,37,39,238,103,50,99
916,False,9,33,157,81,74,122,77,238,145,412
917,False,24,104,103,202,518,98,11,50,96,40
918,False,98,59,101,145,497,122,64,69,81,22
919,False,126,121,10,202,526,54,234,517,145,412
920,True,516,28,238,145,555,92,120,112,22,350
921,False,68,203,134,360,111,98,56,85,18,235
922,True,68,121,96,222,12,240,59,61,145,526
923,False,86,28,131,360,555,122,56,103,29,412
924,True,86,56,8,81,497,126,203,268,22,63
925,True,41,121,61,498,40,266,104,145,22,888
926,False,268,104,61,18,350,126,91,157,29,902
927,False,122,79,103,895,526,57,120,145,51,37
928,True,41,104,777,50,99,86,76,91,45,888
929,False,48,107,103,145,53,266,64,238,110,201
930,False,516,203,55,22,143,164,421,1,523,26
931,False,78,64,38,360,111,887,104,134,22,888
932,True,58,91,69,498,526,127,131,126,22,12
933,False,85,234,875,110,141,150,245,7,498,497
934,False,92,30,18,81,432,266,57,498,145,497
935,False,10,427,112,498,526,86,203,91,119,201
936,False,58,76,166,523,16,82,57,55,222,412
937,False,517,526,134,29,25,54,427,34,498,497
938,True,2,35,777,81,101,266,120,84,145,200
939,False,200,141,268,427,235,516,64,777,115,526
940,True,78,777,7,22,40,68,64,61,236,267
941,True,897,91,69,145,350,14,28,103,360,89
942,True,92,33,41,15,40,157,76,112,360,111
943,False,86,59,115,22,147,92,121,134,498,111
944,True,427,79,18,145,16,54,141,103,67,497
945,True,92,59,112,29,63,150,113,777,30,412
946,True,145,120,268,81,37,80,154,10,360,555
947,False,238,78,61,81,432,2,76,7,145,111
948,False,221,5,81,498,497,54,203,29,145,902
949,False,8,77,950,18,350,41,203,61,498,497
950,False,92,11,103,498,16,106,121,134,22,497
951,True,14,141,84,22,26,126,107,145,55,235
952,False,887,57,7,96,89,114,107,134,145,111
953,False,78,91,103,145,902,887,421,13,498,497
954,True,897,203,105,22,63,82,121,103,157,412
955,False,266,20,112,21,350,897,11,91,30,53
956,False,516,121,518,145,497,114,203,1,498,43
957,False,92,421,38,202,143,58,30,238,21,412
958,False,58,64,134,523,201,41,203,38,119,111
959,False,6,121,16,29,103,516,64,18,145,526
960,False,57,62,91,18,412,887,246,126,81,518
961,True,98,28,23,498,89,92,200,84,81,497
962,False,24,68,246,18,12,266,77,245,145,526
963,True,41,421,34,81,432,777,11,7,498,497
964,True,86,234,134,81,432,150,113,777,145,37
965,False,897,104,246,81,43,82,876,950,119,111
966,False,48,203,268,145,497,164,57,61,202,555
967,True,897,121,127,145,12,68,30,18,81,526
968,True,92,57,34,29,16,420,421,134,81,412
969,True,897,28,246,222,412,157,131,777,145,267
970,False,68,91,238,360,555,57,104,38,145,111
971,False,68,234,103,29,89,526,54,157,498,497
972,True,516,121,1,119,16,266,421,134,29,111
973,True,58,102,45,15,526,266,64,134,18,888
974,False,164,203,112,29,117,82,91,101,429,40
975,False,80,91,55,30,267,83,104,777,145,37
976,False,420,200,134,145,111,27,104,61,498,497
977,True,266,141,238,498,111,58,427,1,429,101
978,False,266,427,38,145,497,79,76,126,360,57
979,True,58,60,134,119,412,420,120,142,429,53
980,False,238,104,103,236,267,68,234,141,119,12
981,False,266,200,7,30,902,164,203,3,81,432
982,True,92,238,8,498,497,14,57,103,145,432
983,True,114,91,99,895,63,57,28,119,81,16
984,False,48,62,157,498,63,24,121,55,22,902
985,False,58,64,112,81,43,24,113,50,145,111
986,True,126,11,101,202,555,114,57,268,81,161
987,False,887,107,163,145,111,114,76,102,429,497
988,False,92,131,142,157,111,6,9,80,15,35
989,False,39,57,99,222,117,268,427,126,81,526
990,False,24,19,711,145,201,86,30,157,18,111
991,False,2,245,246,523,201,122,59,142,21,497
992,True,17,121,134,119,267,516,76,157,145,526
993,True,41,120,42,145,111,114,104,7,51,22
994,False,122,254,112,360,111,777,30,75,96,526
995,False,80,64,950,119,111,54,28,246,30,235
996,True,887,104,246,15,518,92,35,134,29,53
997,False,68,246,517,145,16,2,35,711,523,26
998,True,122,78,245,29,497,58,59,13,523,526
999,False,516,59,134,21,235,78,421,777,81,111
1000,False,897,56,18,498,201,68,121,43,81,497
1001,False,6,77,80,81,143,86,203,134,523,25
1002,False,266,234,161,22,53,54,64,101,157,12
1003,False,114,56,18,81,526,27,245,777,221,40
1004,False,266,104,61,895,12,113,200,134,498,43
1005,False,516,421,268,145,111,24,68,18,22,201
1006,True,68,78,61,498,497,266,76,142,360,111
1007,True,122,35,134,145,201,83,28,126,29,111
1008,True,10,113,950,22,555,98,141,61,145,80
1009,False,266,59,4,22,201,85,517,114,498,497
1010,False,24,76,91,498,53,19,113,238,145,111
1011,False,86,30,103,119,432,104,54,126,523,412
1012,True,98,91,69,22,902,114,876,45,81,497
1013,True,266,120,1,30,497,58,104,101,29,902
1014,False,27,20,90,145,412,126,427,105,119,40
1015,False,58,131,166,22,235,777,203,134,29,888
